91924
91923
91949
91951
91952
91947
91913
91910
91946
91908
91945
92019
91907
91944
92001
91940
91905
91993
91939
91904
91989
91984
91902
91938
91983
91898
91893
91892
91937
91810
91935
91891
91982
91934
91887
91975
91933
91807
91974
91926
91966
91805
91965
91963
91885
91884
91961
91801
91874
91960
91872
91959
91867
91955
91795
91855
91954
91853
91794
92018
91851
91842
92085
92017
92014
91792
91790
92007
91988
91838
91788
91837
91786
91835
91784
91783
91831
91825
91778
91823
92084
91821
91775
91883
91774
91773
91772
92083
91771
91768
91764
92078
91761
91760
91759
92077
91752
92073
92067
92065
92062
92061
92060
92057
92056
92055
92054
92052
92050
92049
92045
92043
92042
92041
92039
92038
92037
92035
92031
92030
92029
92022
